2454264.59454168   0.9862891700952596 0.005426041338499488   SuperWASP   
2454265.58432613   0.9988120099074768 0.002926727552330876   SuperWASP   
2454266.59135249   0.9990745694011932 0.002083630297511412   SuperWASP   
2454267.60304509   0.9983555662091501 0.0014999678741304183  SuperWASP   
2454270.62359295   0.9912953921110935 0.009437000841325057   SuperWASP   
2454271.57713302   0.9913245130245948 0.0034854035269224507  SuperWASP   
2454272.60806463   0.9974770557398953 0.0019473145829045542  SuperWASP   
2454273.53535835   0.979063111103554  0.008253301888246347   SuperWASP   
2454274.57746395   0.9952706318136461 0.0030749355479451615  SuperWASP   
2454275.61845583   0.9980704726967216 0.0013919488365652152  SuperWASP   
2454276.62965016   1.0004011392759082 0.0014346869854679587  SuperWASP   
2454277.60792679   0.9882898809824776 0.0021800459367758043  SuperWASP   
2454278.60390246   0.9893349606086189 0.002684357988945308   SuperWASP   
2454279.61221087   0.9976901730535117 0.0030327795460403507  SuperWASP   
2454280.62193092   0.99444438529094   0.003262182185606242   SuperWASP   
2454281.61684942   1.0023931241520088 0.003724159225127832   SuperWASP   
2454282.60905493   1.001782818033981  0.0039825041427541405  SuperWASP   
2454283.60475426   1.005102962104149  0.0032503483941044883  SuperWASP   
2454284.61668477   0.9997795275606352 0.0028470518438687064  SuperWASP   
2454285.60077105   1.0013135270778233 0.002663903705168911   SuperWASP   
2454286.61742186   0.9899987517360241 0.0021900081854608236  SuperWASP   
2454287.59860363   0.9986673737346571 0.0020918123587618954  SuperWASP   
2454288.59356967   0.9979112364748766 0.0016669069040847774  SuperWASP   
2454289.58644027   0.9958705532448009 0.0013640161683285152  SuperWASP   
2454290.5863055    0.9936082692053702 0.0012764245549624575  SuperWASP   
2454291.5877767    0.9980754408295852 0.0013882475036435034  SuperWASP   
2454292.60970991   0.9973535848107996 0.0016618083245349066  SuperWASP   
2454293.53979673   0.9998296369143017 0.0016237546406166652  SuperWASP   
2454294.59521496   0.9989906759360423 0.0012303002510203355  SuperWASP   
2454295.58798606   0.9967831063998441 0.001176637663676615   SuperWASP   
2454297.56296187   0.9910501970987025 0.0025886323783487616  SuperWASP   
2454298.46413898   0.9869098488288296 0.030706968899890705   SuperWASP   
2454302.45776104   1.0127122985098498 0.010875426169981613   SuperWASP   
2454303.50484316   0.9961112213066492 0.002224689949764793   SuperWASP   
2454304.50835368   0.9922457633056644 0.002719241550272244   SuperWASP   
2454305.50107437   0.9918628434235272 0.002925626912890529   SuperWASP   
2454306.53157311   0.9938456904413883 0.0026092314192976656  SuperWASP   
2454307.53880006   1.001138286387151  0.0025838515345369827  SuperWASP   
2454308.568298     1.00261167400844   0.003361459144179878   SuperWASP   
2454310.44825279   0.9804132932433052 0.0522207579829468     SuperWASP   
2454312.4230933    0.9927619021273507 0.10164115352592581    SuperWASP   
2454316.48715197   0.9982244240219061 0.002268873326520445   SuperWASP   
2454317.42757595   0.9729911611671729 0.010157535746125027   SuperWASP   
2454318.42756173   1.0100829352451064 0.006446980873327702   SuperWASP   
2454322.45414205   1.0043036133901444 0.001599472528400933   SuperWASP   
2454323.4694104    0.9948589122716576 0.0021551343781474244  SuperWASP   
2454324.45518326   0.9989483016339891 0.0019215579852757043  SuperWASP   
2454325.41669644   0.9955554322770696 0.002208501769738639   SuperWASP   
2454326.40820166   0.9925527959425917 0.00214667547996668    SuperWASP   
2454327.47230434   0.9959824299017331 0.0015553419271817188  SuperWASP   
2454328.4805339    0.998180693401624  0.0017928849072937464  SuperWASP   
2454329.42398646   1.0042151226042946 0.0016234081355956398  SuperWASP   
2454330.46051752   0.9985221868205167 0.0012207547478746512  SuperWASP   
2454331.4230813    1.0038619683888292 0.002035907467891662   SuperWASP   
2454332.41519827   0.9974816722583921 0.00232870718192174    SuperWASP   
2454333.4763655    0.9968403028963935 0.0011343806941639747  SuperWASP   
2454334.48782804   0.999648990360669  0.0013013140900308472  SuperWASP   
2454335.40836041   1.0406994154382874 0.0024687830600248263  SuperWASP   
2454337.45329934   1.001862093664953  0.0022526021849205422  SuperWASP   
2454339.40008087   1.01186989781208   0.005164004674274719   SuperWASP   
2454340.4537734    1.0039203826766392 0.0036442726030558917  SuperWASP   
2454341.47626467   1.0021389548967141 0.008265533795898374   SuperWASP   
2454342.36717047   0.9905813515533198 0.010252884065257598   SuperWASP   
2454344.38923201   0.9962854742180418 0.0027155941238046727  SuperWASP   
2454345.38056546   1.009150917021676  0.0034940536931390305  SuperWASP   
2454350.37527668   1.0118254182385502 0.002448796863933718   SuperWASP   
2454351.43291605   1.00623844846388   0.0013498455142521844  SuperWASP   
2454352.44096512   1.0056642252945476 0.001293733440701801   SuperWASP   
2454353.4212724    1.0029150063757837 0.001404775558622999   SuperWASP   
2454354.38252951   1.002523926609775  0.0021369956800658787  SuperWASP   
2454355.37574469   1.0006541006969454 0.0028773456465904655  SuperWASP   
2454356.36733882   1.0038142000192989 0.003033902458656455   SuperWASP   
2454357.38957952   1.0064157184226852 0.002136050807579324   SuperWASP   
2454359.37103117   1.004436145070963  0.002589540148870947   SuperWASP   
2454360.39012313   1.0100279931453462 0.0021383479835026874  SuperWASP   
2454361.41151863   1.0082571624181038 0.0022078736489622042  SuperWASP   
2454362.38851709   0.9985777921889318 0.002275773401162827   SuperWASP   
2454363.413964     1.0047257427716343 0.0020118184478026078  SuperWASP   
2454364.38917901   1.0032634995597853 0.003271753396175277   SuperWASP   
2454368.3700528    0.9985434375534895 0.008754240187462565   SuperWASP   
2454371.42287943   0.999011432616523  0.006084998594079986   SuperWASP   
2454372.38768221   0.9987481265171434 0.002986644107737879   SuperWASP   
2454373.3793975    1.0001662393697053 0.001974775471715733   SuperWASP   
2454374.37896958   0.9991990267675122 0.0019991898419648353  SuperWASP   
2454376.34543865   0.9890333635785102 0.0045450200108507945  SuperWASP   
2454377.35411067   1.0051322027174423 0.002675311848503949   SuperWASP   
2454381.45314837   1.0160981956322745 0.0036333666433130663  SuperWASP   
2454382.35207324   1.0040681043087876 0.002937486730219906   SuperWASP   
2454384.33782786   1.0121634345368697 0.003737790533052352   SuperWASP   
2454387.34273361   0.9984230951267526 0.004661285286266035   SuperWASP   
2454388.33860223   0.997833389406942  0.004049177498558659   SuperWASP   
2454389.32862248   1.0150306883753193 0.008010528205779424   SuperWASP   
2454390.32641217   0.9961481310016563 0.014367048778901674   SuperWASP   
2454392.33857619   0.9978570185500617 0.0038642457888454105  SuperWASP   
2454393.33573929   0.9978905293357647 0.005620321988289053   SuperWASP   
2454394.33893822   1.003448697289732  0.007890835903188197   SuperWASP   
2454395.33539863   1.0109380597315294 0.01055412727092899    SuperWASP   
2454396.37271844   1.0006087988784045 0.011617186014656786   SuperWASP   
2454399.36651732   1.0074971168623028 0.010481656299114846   SuperWASP   
2454605.67867496   0.9943456388209381 0.00577491878809275    SuperWASP   
2454606.68897049   1.011917668679789  0.007343966838555985   SuperWASP   
2454607.67316855   1.005963417018226  0.006205557278867911   SuperWASP   
2454608.67709063   1.033749536703907  0.004927825566417898   SuperWASP   
2454609.67495899   0.9997213505736988 0.004692060444061243   SuperWASP   
2454613.66810577   1.0041640289817142 0.0033297775719664086  SuperWASP   
2454614.66465608   1.003645087292712  0.0029053669328314483  SuperWASP   
2454616.66773925   0.9914807051570323 0.0028892508374537807  SuperWASP   
2454618.6614055    0.9956983542707485 0.003088651233571054   SuperWASP   
2454619.65448612   0.9944881447378311 0.0023597920237702426  SuperWASP   
2454620.65425213   0.9953391310529428 0.002203059583763981   SuperWASP   
2454621.65247856   1.0026236526788526 0.0020718181645643474  SuperWASP   
2454622.64903888   1.0129854507681042 0.0019948097534915697  SuperWASP   
2454623.64927795   1.0140600450591641 0.0019118269824854573  SuperWASP   
2454624.6499902    1.000257249314632  0.001962149886336018   SuperWASP   
2454625.6476835    0.9997750136910774 0.0018492902092814205  SuperWASP   
2454626.64830862   0.9913854304190787 0.001701371151337263   SuperWASP   
2454627.64550166   0.9960582786290797 0.0016970581314588015  SuperWASP   
2454628.64615107   1.0015101605434342 0.0018646845469320514  SuperWASP   
2454629.64417035   1.0100329844918818 0.0017786931897213441  SuperWASP   
2454630.64570006   1.0096772264979188 0.0016759292866772699  SuperWASP   
2454631.65174758   1.0106227642288628 0.001980275106117058   SuperWASP   
2454632.65466632   0.9946990417858509 0.0019511922293657066  SuperWASP   
2454635.65500307   0.988539594151618  0.0034427561800350424  SuperWASP   
2454636.65058531   1.0043351509068135 0.0035918158948760755  SuperWASP   
2454637.64897569   1.0059257532517967 0.0033635616280338378  SuperWASP   
2454638.64943309   1.0116735280234117 0.0029360176684959886  SuperWASP   
2454639.64924261   0.9966943600363242 0.002287390453162455   SuperWASP   
2454640.64783043   1.0076383574914207 0.0022434453849161026  SuperWASP   
2454641.64713713   1.001294037178595  0.0018635604642782651  SuperWASP   
2454642.64422885   0.9967734358588755 0.0017549586178879626  SuperWASP   
2454643.62755727   1.0027273074789074 0.0023658515129059655  SuperWASP   
2454644.61520602   0.9910975013718722 0.0038961977185164895  SuperWASP   
2454645.61090525   0.9988753985691242 0.003194382648265686   SuperWASP   
2454646.61434485   0.9941188249244944 0.0028878713255072277  SuperWASP   
2454647.62110681   1.0057254930717257 0.0022506847538339187  SuperWASP   
2454648.56275314   1.0157131437907714 0.003997618093530056   SuperWASP   
2454649.62037621   0.9968014387184219 0.001524541999627473   SuperWASP   
2454650.62008857   1.0037100327735993 0.0014960322476419586  SuperWASP   
2454651.62364739   1.0139558161788933 0.001448046571871477   SuperWASP   
2454652.60815838   0.9956296980658922 0.0015452930576669692  SuperWASP   
2454655.60728164   1.0005398405150805 0.0013729569970356334  SuperWASP   
2454656.588034     1.0208261414154702 0.001980566863222783   SuperWASP   
2454657.59500352   0.9975629947381608 0.002482049755865211   SuperWASP   
2454659.60398234   1.0052941459975988 0.0016201888466611332  SuperWASP   
2454660.6149311    0.9885534277511574 0.0016640369866005606  SuperWASP   
2454661.61700327   1.0056467888081961 0.0018834527482423445  SuperWASP   
2454662.62290642   1.0019754946610677 0.0024697383808490393  SuperWASP   
2454663.6088527    1.0126416869518693 0.0030401844124761522  SuperWASP   
2454664.59663109   1.0012032882041315 0.0033824534531854745  SuperWASP   
2454665.57961177   0.9945518973441884 0.004413355084768151   SuperWASP   
2454666.5822371    1.0050405141684997 0.002981436869697911   SuperWASP   
2454668.62144253   1.0387108680953285 0.0054470496026812025  SuperWASP   
2454669.58096392   1.0404541594369994 0.003931290436385354   SuperWASP   
2454670.57807824   1.0006962106482347 0.0031033229064828076  SuperWASP   
2454671.56383361   0.9910653310275421 0.002484241516468426   SuperWASP   
2454672.55390678   0.9924281279279729 0.0026669076486084604  SuperWASP   
2454673.55430709   1.0009308002843815 0.002776692477818842   SuperWASP   
2454674.55337099   1.0034669298454728 0.002029657236645006   SuperWASP   
2454675.5667173    0.9982167470723224 0.0017827230782051335  SuperWASP   
2454676.55558141   0.9906074974689297 0.0015283931917508759  SuperWASP   
2454677.52039679   1.006728090559831  0.0018316855584276806  SuperWASP   
2454678.5487139    0.9933291663867756 0.0023611639012904974  SuperWASP   
2454680.56076536   1.0006312043136272 0.004604464223076692   SuperWASP   
2454681.56096503   0.9954608726633157 0.002643432466324765   SuperWASP   
2454682.54245464   0.9897377826754816 0.00376988817290229    SuperWASP   
2454683.50022013   1.0108219518721082 0.0026332393480559147  SuperWASP   
2454684.50770283   1.0055622473264991 0.0030513367805650973  SuperWASP   
2454685.5078527    1.024651208086402  0.0024775432301786552  SuperWASP   
2454686.51600141   1.0150002276734087 0.0033408054155749283  SuperWASP   
2454688.51904647   1.0335941655940046 0.003154059427976431   SuperWASP   
2454689.53032005   1.0232866745533644 0.002147019538886643   SuperWASP   
2454690.52077572   1.0207503668887155 0.0020574354458170853  SuperWASP   
