2458009.799861     0.9886302704218539 0.0005471615614522172  MEarth-tel05
2458010.711751     0.9858054539400931 0.002060390385911035   MEarth-tel05
2458014.8084595    0.9895515007819427 0.0010259659458432436  MEarth-tel05
2458015.692646     0.9851952617775253 0.0008687332693464664  MEarth-tel05
2458016.6625285    0.9864364638458772 0.001597063853187361   MEarth-tel05
2458018.772892     0.9905119379105498 0.003189616601102548   MEarth-tel05
2458019.6672115    0.9840243566345543 0.0011675368491057066  MEarth-tel05
2458020.7372124996 0.9896718407588349 0.0007850311380456393  MEarth-tel05
2458021.7323555    0.9904278686690622 0.0008878381983722233  MEarth-tel05
2458022.722337     0.9913081507202753 0.0006371961444071605  MEarth-tel05
2458023.7307645    0.9902082275432547 0.0006202804844823086  MEarth-tel05
2458024.727775     0.9914576903344219 0.0008082733460553098  MEarth-tel05
2458025.7353959996 0.9919559392745595 0.000878991675421722   MEarth-tel05
2458027.7258205    0.9926361598042972 0.00073117574220702    MEarth-tel05
2458028.6336829998 0.9931254598606909 0.0019284031126457514  MEarth-tel05
2458029.725962     0.9923707611343547 0.0010550800421141615  MEarth-tel05
2458030.719976     0.9896731990135366 0.0007112167968485254  MEarth-tel05
2458032.7040695    0.9860363950833805 0.000977169121664013   MEarth-tel05
2458033.7109275    1.001115318926515  0.0008000454201242543  MEarth-tel05
2458034.712801     1.0030143391314885 0.0006828128104242394  MEarth-tel05
2458035.7128715003 0.9966014507733724 0.0027941239816323075  MEarth-tel05
2458036.7086465    0.9938553527713772 0.0006917601889367567  MEarth-tel05
2458037.7061915    0.9967661344225055 0.0009534745939539874  MEarth-tel05
2458038.7093545003 0.9879901056030945 0.0008056092294942647  MEarth-tel05
2458039.725108     0.9871223283515617 0.0007436021557119381  MEarth-tel05
2458040.702595     0.9891496693604556 0.0005198792390118976  MEarth-tel05
2458041.6989435    0.9937690173618685 0.0006524858855196586  MEarth-tel05
2458043.5985145    0.9864460397692133 0.0017140623208371333  MEarth-tel05
2458045.602516     0.9913157720726403 0.0015419155573744856  MEarth-tel05
2458046.6543185    0.9902436057815212 0.000858956510715561   MEarth-tel05
2458047.644491     0.9944538155062188 0.001240986851046153   MEarth-tel05
2458048.6940655    0.998589985518805  0.0007911870531341885  MEarth-tel05
2458049.6878055    1.0020659011478061 0.0009145112271767448  MEarth-tel05
2458050.682978     1.0059619956889199 0.0006796496976647792  MEarth-tel05
2458051.683975     1.0009141711537928 0.0008243103307413924  MEarth-tel05
2458052.6830745    1.0005261470900713 0.000752360613543938   MEarth-tel05
2458053.6513285    0.9988894781483613 0.0010979004479072202  MEarth-tel05
2458054.66765      1.0008831250671324 0.0009082021801847403  MEarth-tel05
2458055.6696635    0.9957062625454676 0.0010491327229122144  MEarth-tel05
2458056.674629     0.9970605559621104 0.0006625964955603273  MEarth-tel05
2458059.6689545    0.9977762100784848 0.0007724037162395437  MEarth-tel05
2458060.582236     0.9964881848069665 0.001745057337163374   MEarth-tel05
2458063.6617860002 0.9910949201240693 0.0003249962024991023  MEarth-tel05
2458067.6549770003 1.0003806581802213 0.0005701266971233832  MEarth-tel05
2458069.649656     0.9973324506486897 0.0009687975911865174  MEarth-tel05
2458074.6525625    1.0009421537357959 0.0006443425130962896  MEarth-tel05
2458076.634923     1.0015003571433652 0.0006529344519553238  MEarth-tel05
2458077.632162     1.0069787312608356 0.000880808916180947   MEarth-tel05
2458079.6121145003 0.9992334092567249 0.0007300222849079673  MEarth-tel05
2458080.6302365    1.0033327876720066 0.0006695106772615305  MEarth-tel05
2458081.634478     1.0095280936814797 0.0009595919671197349  MEarth-tel05
2458082.6302675    0.9997658521707724 0.0009741059897554841  MEarth-tel05
2458083.62923      1.0036039992968333 0.000748524648120025   MEarth-tel05
2458084.624877     1.0091415105413546 0.0012082608049097262  MEarth-tel05
2458096.596631     1.0035231319882187 0.0013370791627309235  MEarth-tel05
2458100.6084935    0.9996856298146424 0.0009530172863633789  MEarth-tel05
2458101.6000835    1.0000844540474396 0.0011788190763940924  MEarth-tel05
2458102.5981345    1.0037947577989454 0.0016318864834772237  MEarth-tel05
2458103.5969249997 1.0092140234801152 0.0015240152889835507  MEarth-tel05
2458108.603458     0.9991556686440619 0.0012046378465228635  MEarth-tel05
2458109.603912     1.0011817515967578 0.0019309961727939065  MEarth-tel05
2458110.580789     1.0001612151529073 0.0018251076727243839  MEarth-tel05
2458112.5900255    0.9998936755729484 0.0012753664256632076  MEarth-tel05
2458113.5873290002 1.0032531162254092 0.0017267399635827296  MEarth-tel05
2458116.5842635    1.0094304732308714 0.0012687154507087888  MEarth-tel05
2458117.5900879996 1.0088416551524546 0.0019428128028425172  MEarth-tel05
2458118.5866794996 1.0050196485250638 0.001420203219923593   MEarth-tel05
2458120.5858455    0.9971669581044516 0.00202909941760634    MEarth-tel05
2458121.5795695    1.002876529386849  0.0010528574279881138  MEarth-tel05
2458123.5797894998 0.9970866004222194 0.0013489315576600397  MEarth-tel05
2458173.025419     1.0031545439096294 0.0013529309146383757  MEarth-tel05
2458175.0217005    1.0102749708478684 0.002592666417720162   MEarth-tel05
2458176.995089     1.0085576165053038 0.0039032760563096885  MEarth-tel05
2458180.011741     1.0095926188810567 0.001503987459623208   MEarth-tel05
2458181.003617     1.0092143962465783 0.0014491666935174778  MEarth-tel05
2458182.0071435003 1.0031592089492167 0.001394807340026501   MEarth-tel05
2458185.0028135    1.0004569814597222 0.00101512237544049    MEarth-tel05
2458197.9782725    1.0005389226359174 0.0011128463606428396  MEarth-tel05
2458198.9808455    0.9936286004517944 0.00042493493274397957 MEarth-tel05
2458205.0009155    0.9972463197617534 0.0013504589956470372  MEarth-tel05
2458205.9663335    0.9973424916836577 0.0026262363384061834  MEarth-tel05
2458206.9611955    0.9995896744964894 0.0016207841927166535  MEarth-tel05
2458207.9606069997 0.9987024709001867 0.0007665227978024871  MEarth-tel05
2458208.9579435    1.0090777674154192 0.0019517857361915755  MEarth-tel05
2458210.9605325    1.0008933722908937 0.0008921391805141096  MEarth-tel05
2458212.956309     0.9995702039786557 0.0012086996975889078  MEarth-tel05
2458213.9509274997 0.9981425766651938 0.0006768837787665306  MEarth-tel05
2458216.90584      0.9891967035941652 0.0016054947173196135  MEarth-tel05
2458218.939636     1.0049457356145635 0.0009178510332356356  MEarth-tel05
2458219.9347205    1.006332391473276  0.0006584312574308541  MEarth-tel05
2458223.9297765    1.0063646643327413 0.0008487357722762011  MEarth-tel05
2458226.9216139996 1.006711883077359  0.0006557723471231265  MEarth-tel05
2458227.918261     0.9998707144806042 0.0011840907361058528  MEarth-tel05
2458231.9198580002 0.9976714711798634 0.0009207035346240388  MEarth-tel05
2458232.8700975003 1.0013716971376374 0.0016317275315035386  MEarth-tel05
2458234.8413819997 0.9965107594374999 0.0008256858734362667  MEarth-tel05
2458237.9053935    1.0056950706651817 0.000987734991650742   MEarth-tel05
2458241.8981025    0.9971978250395573 0.0005400089433617386  MEarth-tel05
2458242.89952      0.9998268105708765 0.0008853092302174797  MEarth-tel05
2458243.902412     1.0028562854806016 0.0014410436718223954  MEarth-tel05
2458244.89406      1.000743947537404  0.0010177856404667604  MEarth-tel05
2458246.876594     0.9996246315250851 0.0009250732294660862  MEarth-tel05
2458247.8906405    0.9998363773748191 0.0011528751096449407  MEarth-tel05
2458248.8896514997 1.0022861444832827 0.0006993701514681916  MEarth-tel05
2458249.901554     0.9989968264998299 0.0007730780989044526  MEarth-tel05
2458253.8842535    0.9971358147781622 0.001281161565466487   MEarth-tel05
2458254.8845269997 1.0064242409851796 0.0010224945131177545  MEarth-tel05
2458255.8728155    1.00448891132366   0.0010229071105452114  MEarth-tel05
2458256.8796525    1.0014597815818924 0.0009740510202041732  MEarth-tel05
2458257.8686889997 1.0030829146349967 0.0009670178728000035  MEarth-tel05
2458258.8699089997 1.0052555094055586 0.0020547361649436257  MEarth-tel05
2458259.8741920004 1.0047565847526305 0.0012664271080638776  MEarth-tel05
2458260.8728179997 0.9973450414352345 0.0012215766437786472  MEarth-tel05
2458261.867877     0.9978586929201304 0.0010432999501217245  MEarth-tel05
2458262.869765     0.9970541155174882 0.0010737337814306742  MEarth-tel05
2458263.8623075    1.0058700614080003 0.0011230017976177492  MEarth-tel05
2458265.8612395    1.0052090172676933 0.0012529662479703564  MEarth-tel05
2458266.853091     1.0032984652935224 0.0006417529552296681  MEarth-tel05
2458267.8623695    1.00219462243597   0.0007650596487383431  MEarth-tel05
2458268.8672375    0.9971448124976331 0.0008321291487499997  MEarth-tel05
2458269.8544915    1.0044942831599577 0.0008863969437952183  MEarth-tel05
2458270.8557575    0.9982330707978875 0.0009749327471577269  MEarth-tel05
2458271.8516005    0.9981380409758138 0.0007231788622212864  MEarth-tel05
2458272.854545     1.0078004295563823 0.0010325755497859945  MEarth-tel05
2458273.8467535004 1.0087645568135257 0.000865227939189556   MEarth-tel05
2458274.8426185    0.9989201195292784 0.0007127775900049255  MEarth-tel05
2458275.8434925    1.0012580485066989 0.0009671587704871007  MEarth-tel05
2458276.8419015    1.0004653587294332 0.0008222164744698492  MEarth-tel05
2458277.8443905003 0.9985316850818325 0.0007603421676494545  MEarth-tel05
2458280.8424565    1.007832037489422  0.000794370288253585   MEarth-tel05
2458281.842483     1.0040963563082297 0.0008802009749145971  MEarth-tel05
2458287.8392700003 0.9985495283222068 0.0008907298127673396  MEarth-tel05
2458288.8321035    1.0020176972070711 0.0007699363619203227  MEarth-tel05
2458289.8257440003 1.00441140871892   0.0012012017278468876  MEarth-tel05
2458290.8309265003 1.003555949531364  0.0006691199524281737  MEarth-tel05
2458291.8308055    1.009349448291099  0.0008323029657499447  MEarth-tel05
2458292.820822     1.0049677046534609 0.0006246891253652144  MEarth-tel05
2458293.820128     0.9972272124706288 0.0005675618074602673  MEarth-tel05
2458294.8259555    0.9978119956056998 0.0009502021031974857  MEarth-tel05
2458295.8276730003 0.9996197004674083 0.0006016264133775483  MEarth-tel05
2458300.8248365    1.0009069453181674 0.000900352421524699   MEarth-tel05
2458301.8162285    0.999958607693467  0.00076473343509019    MEarth-tel05
2458375.754967     0.9946633704422521 0.0007361473580222696  MEarth-tel05
2458376.787931     0.998659995966737  0.0009681237982126544  MEarth-tel05
2458377.695915     0.9929921010398539 0.0013800087992975238  MEarth-tel05
2458382.776124     0.9975555993966269 0.0008363260716947876  MEarth-tel05
2458384.75404      0.9955868941134081 0.0007358508782259964  MEarth-tel05
2458386.733899     0.9944313703118223 0.0008137431544986996  MEarth-tel05
2458387.685784     0.9934026753362547 0.0019029339089404113  MEarth-tel05
2458388.729805     0.9999670677604444 0.0008400042277979027  MEarth-tel05
2458389.7512884997 0.9973776901039447 0.0005660614008475277  MEarth-tel05
2458390.7311495002 0.9993465520154803 0.0008238995620920263  MEarth-tel05
2458396.7178815    1.0072844868838715 0.0008051273778665148  MEarth-tel05
2458397.7148515    1.0035796332592897 0.0006034974132936922  MEarth-tel05
2458401.7121989997 0.998671109018591  0.0006947782480438743  MEarth-tel05
2458410.5938475    0.9995505979385756 0.002040245038892257   MEarth-tel05
2458416.6814625002 1.0059611285321581 0.0007195248392796381  MEarth-tel05
2458417.68176      1.0107127702420386 0.0007052865153265791  MEarth-tel05
2458418.6813700004 1.0131418208973677 0.0007738982173151637  MEarth-tel05
2458419.677875     1.0122928174061208 0.0006911680691825901  MEarth-tel05
2458420.6753869997 1.0092923933263636 0.0007927819983032079  MEarth-tel05
2458423.6727954997 1.0131677311121667 0.0006122407773192395  MEarth-tel05
2458424.667868     1.0068194593864952 0.0008299051356587588  MEarth-tel05
2458425.6717625    1.0094093992215778 0.0007418457677793264  MEarth-tel05
2458426.6661785    1.0064551799235144 0.0010777456574483752  MEarth-tel05
2458428.6599375    1.0086129728547335 0.0007864565826023854  MEarth-tel05
2458429.6583545    1.0069100113858818 0.0006085353555217884  MEarth-tel05
2458430.6589605    1.0096843792556132 0.0006749389941369972  MEarth-tel05
2458431.6552795    1.0055807571217168 0.0006649621193226935  MEarth-tel05
2458432.654166     1.0050471720605354 0.0006239713842882811  MEarth-tel05
2458433.6543635    1.0131830372949413 0.0008543811029074873  MEarth-tel05
2458434.6501555    1.0137562692987365 0.0009946809720049164  MEarth-tel05
2458438.6444575    1.0132116363692105 0.000728831089756584   MEarth-tel05
2458439.6427645003 1.0084314432969705 0.0007154160000070581  MEarth-tel05
2458441.6459649997 1.0079522252080837 0.0005998639526237249  MEarth-tel05
