2459027.4233       1.0027124605304056 0.0013432726546320644  SNO-T90-V   
2459028.59652      1.0052747309496592 0.0007193708519362082  SNO-T90-V   
2459029.58089      1.004971577954113  0.0006663432682319739  SNO-T90-V   
2459040.53267      1.0003761034344745 0.0010904780125779686  SNO-T90-V   
2459045.52794      0.9992674917298573 0.0012920370834618381  SNO-T90-V   
2459046.51239      1.004678528045129  0.0008154479248710733  SNO-T90-V   
2459051.39913      1.0038235304336443 0.0012402563276977428  SNO-T90-V   
2459053.60177      1.0004369314534305 0.0007774570728571806  SNO-T90-V   
2459054.60806      0.9997315244422212 0.0006937431551628729  SNO-T90-V   
2459055.520605     0.9932416932904959 0.0009486157250397386  SNO-T90-V   
2459056.56869      0.9994965684490248 0.0007973208718676706  SNO-T90-V   
2459068.59872      0.9961245454374165 0.0016397062309639757  SNO-T90-V   
2459069.5929       0.9955024280927169 0.0017426987266439323  SNO-T90-V   
2459070.49232      0.992538855270963  0.0011673317320137874  SNO-T90-V   
2459073.581245     0.9958748138025292 0.0013640620061973147  SNO-T90-V   
2459074.469185     0.9940762559288788 0.0009648182088737203  SNO-T90-V   
2459075.509645     0.9949182336451683 0.0005155340375449035  SNO-T90-V   
2459076.457555     0.9931249974063656 0.0007148179579873795  SNO-T90-V   
2459077.427245     0.9911750267801414 0.0015488119909552614  SNO-T90-V   
2459078.44657      0.9919870813242893 0.000897808391820129   SNO-T90-V   
2459079.4746       0.9923205085837605 0.0008346119029347215  SNO-T90-V   
2459080.378095     0.9918398619629865 0.0011026745975727498  SNO-T90-V   
2459083.367505     0.991841875298996  0.0008035372786703812  SNO-T90-V   
2459084.57011      0.9923013361950687 0.0007401820113505575  SNO-T90-V   
2459085.54075      0.9907473473558848 0.000756786048407201   SNO-T90-V   
2459093.48516      0.9906449171548841 0.0012324764727182837  SNO-T90-V   
2459094.519545     0.9901283792988027 0.0020453417726865914  SNO-T90-V   
2459095.46565      0.9925585669796815 0.0010314685787642646  SNO-T90-V   
2459096.465995     0.9878891641352995 0.001105442627532486   SNO-T90-V   
2459097.42016      0.99012303517185   0.0007786064114941972  SNO-T90-V   
2459098.421065     0.989561157076338  0.0006025587332846047  SNO-T90-V   
2459099.445945     0.9902914925781421 0.0011047270141621211  SNO-T90-V   
2459102.512345     0.9919863228034516 0.0009103404056683766  SNO-T90-V   
2459103.43819      0.994051107218503  0.0009054421468010622  SNO-T90-V   
2459104.379825     0.99465918250128   0.0006136493782436129  SNO-T90-V   
2459105.46032      0.996316375039323  0.000756950853610671   SNO-T90-V   
2459106.409185     0.9974901887535403 0.0008032086124651796  SNO-T90-V   
2459108.377995     0.9971959837063864 0.0012743911479804742  SNO-T90-V   
2459112.372645     0.992579550906847  0.0007667421451973453  SNO-T90-V   
2459114.455445     0.995727258671392  0.001684722085577262   SNO-T90-V   
2459118.414895     0.9975420418325175 0.0011274270311641891  SNO-T90-V   
2459119.47966      1.0009308807266704 0.0011398490285629388  SNO-T90-V   
2459120.361155     1.0008079056644286 0.0009737310067395401  SNO-T90-V   
2459128.354815     1.0034374678419715 0.001364952341612481   SNO-T90-V   
2459129.373035     1.0058715761220027 0.0010148744984704897  SNO-T90-V   
2459130.384315     1.0050239961478558 0.0008319840821748388  SNO-T90-V   
2459132.45049      1.0052904880666156 0.0008170489260930178  SNO-T90-V   
2459133.380465     1.0078585206982273 0.0009326865671901944  SNO-T90-V   
2459135.36775      1.0061656667758427 0.0008953571104395621  SNO-T90-V   
2459136.373255     1.0113519107952864 0.0007618393744129606  SNO-T90-V   
2459137.35203      1.010997721183805  0.0007765059187862868  SNO-T90-V   
2459138.359345     1.011377739639831  0.0006005049377007181  SNO-T90-V   
2459139.36557      1.0117382284917475 0.0008142117966157295  SNO-T90-V   
2459140.352        1.0120810197179735 0.0006208471669539925  SNO-T90-V   
2459141.353195     1.0151130266809902 0.0008161684205295446  SNO-T90-V   
2459146.309195     1.0053438285201373 0.0008961600543508366  SNO-T90-V   
2459147.3242       1.011918203722067  0.0013165368753942554  SNO-T90-V   
2459149.37859      1.0152910954779828 0.0007975463242132556  SNO-T90-V   
2459150.320825     1.0161255783529388 0.0009029000180271272  SNO-T90-V   
2459151.31553      1.0172315719743004 0.0011670445247545294  SNO-T90-V   
2459152.33897      1.0161442866085335 0.0009768337926073169  SNO-T90-V   
2459154.327285     1.0176804216745148 0.0013160294536525754  SNO-T90-V   
2459155.309455     1.0174439065028738 0.0009244085951575121  SNO-T90-V   
2459156.30123      1.0140945887531736 0.0011013556835014304  SNO-T90-V   
2458656.488925     0.9903001323173911 0.0011468765939778116  SNO-T90-V   
2458657.451535     0.9950497954587308 0.0008778638328432399  SNO-T90-V   
2458658.46996      0.9950431788057365 0.0009741273429898506  SNO-T90-V   
2458664.45462      0.9968814988348147 0.0009566201218841102  SNO-T90-V   
2458665.447365     1.0000566307837737 0.0015310755457911363  SNO-T90-V   
2458666.48378      0.9982960804852153 0.0009631259721314123  SNO-T90-V   
2458668.45749      0.9976888030407512 0.0010255750311231491  SNO-T90-V   
2458674.49047      1.0072955632792864 0.0009248989483301826  SNO-T90-V   
2458675.48492      0.9983528708709221 0.0008282234661530693  SNO-T90-V   
2458679.486275     1.005985231422849  0.001299122350203282   SNO-T90-V   
2458680.46949      1.003571574221946  0.0014293752660643655  SNO-T90-V   
2458681.421965     1.0060018100335613 0.0014847448772877104  SNO-T90-V   
2458682.434505     1.0035989029451764 0.0011434002244973386  SNO-T90-V   
2458683.569375     1.0080574153428434 0.001258908734354343   SNO-T90-V   
2458692.431505     1.0115922281484742 0.001416095811646706   SNO-T90-V   
2458693.418275     1.0114872315164272 0.001091443364854428   SNO-T90-V   
2458694.405075     1.0114667876212318 0.0011871142124951692  SNO-T90-V   
2458705.39199      0.9988153312605532 0.0013399371991690702  SNO-T90-V   
2458742.41268      1.0033477407658096 0.0012143066539263678  SNO-T90-V   
2458743.35867      0.9992093842899878 0.0012558115374467454  SNO-T90-V   
2458745.342995     0.9949727084917673 0.0009740519544437756  SNO-T90-V   
2458749.33989      0.9859031776767103 0.0013259408097267187  SNO-T90-V   
2458750.372985     0.9848685107264565 0.0015030628703096081  SNO-T90-V   
2458751.34845      1.0027553344474318 0.0005601245753222676  SNO-T90-V   
2458752.355155     1.0028893101883423 0.0009284823509549818  SNO-T90-V   
2458753.342015     0.9987084314896847 0.0008241673400784964  SNO-T90-V   
2458754.33281      0.9992578798258774 0.0007316280663417394  SNO-T90-V   
2458755.3358       0.9994428223753169 0.0011346206773402902  SNO-T90-V   
2458756.336715     1.0024534823599283 0.0012210826524605856  SNO-T90-V   
2458757.36609      1.0014078855351158 0.0008557522307631584  SNO-T90-V   
2458758.368005     1.0050510829861283 0.0005978139157825538  SNO-T90-V   
2458761.326365     1.0052965065279735 0.0009140633977803711  SNO-T90-V   
2458762.409505     1.0067373153189962 0.0012628549552868285  SNO-T90-V   
2458763.328515     0.9959293034614962 0.001574982973186609   SNO-T90-V   
2458764.333825     0.998406383103784  0.0011126864145513237  SNO-T90-V   
2458765.331455     1.0015587981503569 0.0009892652694341029  SNO-T90-V   
2458766.344965     1.0029223705406547 0.001077843559177889   SNO-T90-V   
2458767.33243      1.001830936009718  0.0014844701982224136  SNO-T90-V   
2458769.32609      1.0056408190287254 0.002010646526092689   SNO-T90-V   
2458770.32364      1.0044897517359832 0.001277050712895341   SNO-T90-V   
2458777.333475     0.9871083482197454 0.0013039529720565047  SNO-T90-V   
2458781.35971      0.982546100811587  0.0014997342251094562  SNO-T90-V   
2458783.307885     0.985402527436476  0.0009944010091974835  SNO-T90-V   
2458784.30111      0.9882199348009633 0.0007951023051040884  SNO-T90-V   
2458786.30732      0.9854375167317964 0.0008756970727922444  SNO-T90-V   
2457933.57332      1.0001644069973814 0.0020555467659331443  SNO-T90-V   
2457935.53498      0.9970779671763006 0.002147087783886009   SNO-T90-V   
2457936.50183      0.9911964555413514 0.0021206182580053644  SNO-T90-V   
2457937.524935     0.9976726783412307 0.002744487506877899   SNO-T90-V   
2457938.533895     0.9973543344707179 0.0024296076783580354  SNO-T90-V   
2457947.59037      1.001505467510008  0.005165891003201053   SNO-T90-V   
2457948.52546      1.01227743935956   0.0024763705288964417  SNO-T90-V   
2457949.595        1.0000186497558594 0.0025243496941506406  SNO-T90-V   
2457950.58353      1.0052340313842625 0.002895065306308341   SNO-T90-V   
2457951.612605     1.0077842074485817 0.002341278264494877   SNO-T90-V   
2457954.526315     0.9975456469500321 0.0031093986654263488  SNO-T90-V   
2457955.547595     0.9953229516196735 0.001984688917577903   SNO-T90-V   
2457959.46363      1.0166814361526333 0.003090464000791887   SNO-T90-V   
2457960.517415     1.0028570016888652 0.002031833491148255   SNO-T90-V   
2457968.500525     0.991744635616138  0.0025359599518257545  SNO-T90-V   
2457969.48722      1.000364680884521  0.002611435298228524   SNO-T90-V   
2457970.49943      0.9943877928517014 0.0030158199388315566  SNO-T90-V   
2457982.461035     0.9946531654199029 0.001860640136218247   SNO-T90-V   
2457985.47517      1.0039819987211773 0.002937099390684725   SNO-T90-V   
2457988.50793      0.9945029968356343 0.0018341129263185272  SNO-T90-V   
2457997.47566      0.9978957866533038 0.002607012518892758   SNO-T90-V   
2457998.475465     1.0029607771977183 0.0023703945360705166  SNO-T90-V   
2457999.4841       0.9944557136723866 0.0034284823751498366  SNO-T90-V   
2458000.502685     1.004221031808519  0.0035823361610415037  SNO-T90-V   
